+998936500963
+998935530706
+998940101827
+998941023124
+998938042507
+998947032608
+998940321331
+998942450060
+998935808224
+998944753828
+998949039499
+998944086828
+998934241471
+998939942545
+998937090965
+998936216695
+998930926915
+998942279201
+998936780187
+998937630499
+998941221991
+998935419499
+998939480358
+998931523593
+998937747242
+998944301036
+998948824076
+998941200872
+998948580836
+998934481446
+998933259088
+998945102114
+998941211232
+998935722306
+998940740617
+998942131986
+998944803313
+998948480501
+998942920336
+998943859558
+998940561141
+998949483193
+998941188823
+998933080230
+998945322917
+998931337509
+998941870757
+998940820484
+998936664491
+998942710883
+998944670883
+998944785511
+998940320293
+998938919193
+998944644644
+998943040926
+998934300312
+998946610152
+998947537454
+998939130003
+998941070269
+998949812131
+998939288326
+998935660413
+998931309311
+998935773391
+998945652608
+998933064621
+998931072275
+998945371524
+998940393121
+998941217373
+998945920787
+998932295502
+998943889202
+998943192020
+998947921892
+998943179990
+998948141217
+998947179454
+998938457277
+998944223442
+998939082910
+998931216520
+998933227472
+998930737935
+998935337963
+998938042503
+998935079070
+998933227276
+998935130390
+998945455215
